5.261438600512982
5.37455726808258
5.530713283880148
5.723286170059139
5.943095214143305
6.179023432934034
6.418848890213862
6.650203205641072
6.861558641120816
7.0431390981457405
7.187657999612107
7.290806543773068
7.35144635695061
7.371496706766813
7.355542901887584
7.310224082561185
5.391503250626545
5.52152308535902
5.693280092577072
5.899363002522756
6.129835444065176
6.372917469003153
6.61587172892993
6.846008505222936
7.051705830226937
7.2233360454956745
7.353999504415072
7.439988721960908
7.480938989650189
7.479659590523602
7.441677730353577
7.374559725743757
5.574636201813699
5.721298140138368
5.907369279212929
6.124691848116003
6.362674030382674
6.609022679558212
6.8506735004753905
7.074828292226668
7.269991795498265
7.426897193044411
7.539220413743218
7.604007864864257
7.621776717049404
7.5962864445493725
7.534019251390626
7.443439747403203
5.806175927347198
5.968613287549763
6.1671563381545775
6.392974820166581
6.634949751975423
6.880448744825574
7.1162872527523025
7.3297820018468185
7.509787095430606
7.6476013826441855
7.737648466312148
7.777856791969422
7.7697030671666525
7.717922704303479
7.629930230920392
7.515025090345484
6.078516363969779
6.25524334053656
6.463904575674135
6.695099936365107
6.937335533280996
7.177831066944377
7.403497612688974
7.6019901677190544
7.762725188509679
7.877753143441261
7.942390451086991
7.95554246843381
7.919685762454458
7.840518562970388
7.726327217531835
7.587148131954606
6.381499824424474
6.570439652574429
6.786431956107393
7.019634868305959
7.258350005536673
7.489849685142891
7.7013557218107405
7.881073750747111
8.019174864579448
8.10861789850546
8.145721396971958
8.130422388855084
8.066195837953414
7.959648852797705
7.819841688214765
7.65741788502082
6.70303560062262
6.9015887203839545
7.121800014834334
7.353534637255565
7.585071072499134
7.803934988788818
7.9978632247906365
8.155803079881755
8.268842044695198
8.330966372447126
8.339563672338077
8.295613125953464
8.203543227607424
8.070776060451703
7.907013482310108
7.723349081989399
7.02989253023213
7.2350413365786554
7.456166439168581
7.683002922789287
7.9039903497379855
8.107099528664476
8.28076630326736
8.414840316547359
8.501448909727507
8.535681179860092
8.516014756932988
8.444436109111862
8.326240443589858
8.169534655590496
7.984501005027475
7.782505458807352
7.348593769324899
7.55703700258224
7.775723701995895
7.9944284075282965
8.201930400520691
8.386819838921866
8.538387100765041
8.647507547120785
8.707428360741401
8.71437039662956
8.667875909499
8.57086060179933
8.429362089847828
8.252011993347631
8.049290483913698
7.832645851168817
7.6463302337055925
7.8546371766175405
8.067635894578235
8.275308449052243
8.466938816435698
8.631885647060255
8.760414698150994
8.844508706668542
8.878569069210933
8.859931145287876
8.789132938674838
8.669903348971934
8.50886773440838
8.31500089778792
8.098886285688874
7.871861175507477
7.911807279259516
8.116580039837853
8.320886091283754
8.515073653718677
8.68907552710206
8.833137128589362
8.938581852211643
8.998538145018095
9.008551283391668
8.967011162460173
8.87534498026924
8.737948570628209
8.561859168313438
8.356201674623268
8.131465979127885
7.898691044146201
8.135947414448179
8.333978912242035
8.526957146178656
8.705738440220463
8.861021948108066
8.984023512875934
9.067166459626675
9.104721149852843
9.093325468173049
9.032327308666519
8.92390697149035
8.772960331684132
8.586749840535393
8.374356388459642
8.14598723848675
7.912210564953672
8.312388963838647
8.50080486399343
8.680288248883539
8.842322782925024
8.978460963451273
9.080936595326682
9.14327638285001
9.160850415753568
9.131303137858147
9.05481553341412
8.934165071100308
8.774570702906091
8.583333381528401
8.369305106883191
8.142238384416348
7.9120805808433285
8.437744187165073
8.614118835511393
8.778475115496864
8.923016198525932
9.040202447586383
9.123297754665872
9.166900166462245
9.167404741476036
9.12334955082185
9.035604829773678
8.907379797298976
8.744040043077703
8.55274842861342
8.341961587086065
8.120829776637054
7.898557903887461
8.511607134860231
8.674046284359875
8.82220985254095
8.949083151130484
9.048056571806027
9.113403532750093
9.14073107947064
9.127359183666314
9.072588591748586
8.977825847045779
8.846547136445187
8.684098532976495
8.497347155056442
8.294213612058718
8.08312877016062
7.872465636253023
8.536327918810924
8.683514343768865
8.814983592452794
8.92453571357306
9.00648292106901
9.056059284133962
9.06979464267593
9.045816573036644
8.98404856794164
8.88628081853632
8.756101412990914
8.598689230010853
8.420483775882913
8.228759983748827
8.031145919107782
7.835127084580488
